0 0 5
750 1 5
1500 2 5
2250 3 5
3000 4 5
3750 5 5
4500 6 5
5250 7 5
6000 8 5
6750 9 5
7500 10 5
8250 11 5
9000 12 5
9750 13 5
10500 14 5
11250 15 5
12000 16 5
12750 17 5
13500 18 5
14250 19 5
15000 20 5
15750 21 5
16500 22 5
17250 23 5
18000 24 5
18750 25 5
19500 26 5
20250 27 5
21000 28 5
21750 29 5
22500 30 5
23250 31 5
24000 32 5
24750 33 5
25500 34 5
26250 35 5
27000 36 5
27750 37 5
28500 38 5
29250 39 5
30000 40 5
30750 41 5
31500 42 5
32250 43 5
33000 44 5
33750 45 5
34500 46 5
35250 47 5
36000 48 5
36750 49 5
37500 50 5
38250 51 5
39000 52 5
39750 53 5
40500 54 5
41250 55 5
42000 56 5
42750 57 5
43500 58 5
44250 59 5
45000 60 5
45750 61 5
46500 62 5
47250 63 5
48000 64 5
48750 65 5
49500 66 5
50250 67 5
51000 68 5
51750 69 5
52500 70 5
53250 71 5
54000 72 5
54750 73 5
55500 74 5
56250 75 5
57000 76 5
57750 77 5
58500 78 5
59250 79 5
60000 80 5
60750 81 5
61500 82 5
62250 83 5
63000 84 5
63750 85 5
64500 86 5
65250 87 5
66000 88 5
66750 89 5
67500 90 5
68250 91 5
69000 92 5
69750 93 5
70500 94 5
71250 95 5
72000 96 5
72750 97 5
73500 98 5
74250 99 5
75000 100 5
75750 101 5
76500 102 5
77250 103 5
78000 104 5
78750 105 5
79500 106 5
80250 107 5
81000 108 5
81750 109 5
82500 110 5
83250 111 5
84000 112 5
84750 113 5
85500 114 5
86250 115 5
87000 116 5
87750 117 5
88500 118 5
89250 119 5
90000 120 5
90750 121 5
91500 122 5
92250 123 5
93000 124 5
93750 125 5
94500 126 5
95250 127 5
96000 128 5
96750 129 5
97500 130 5
98250 131 5
99000 132 5
99750 133 5
100500 134 5
101250 135 5
102000 136 5
102750 137 5
103500 138 5
104250 139 5
105000 140 5
105750 141 5
106500 142 5
107250 143 5
108000 144 5
108750 145 5
109500 146 5
110250 147 5
111000 148 5
111750 149 5
112500 150 5
113250 151 5
114000 152 5
114750 153 5
115500 154 5
116250 155 5
117000 156 5
117750 157 5
118500 158 5
119250 159 5
120000 160 5
120750 161 5
121500 162 5
122250 163 5
123000 164 5
123750 165 5
124500 166 5
125250 167 5
126000 168 5
126750 169 5
127500 170 5
128250 171 5
129000 172 5
129750 173 5
130500 174 5
131250 175 5
132000 176 5
132750 177 5
133500 178 5
134250 179 5
135000 180 5
135750 181 5
136500 182 5
137250 183 5
138000 184 5
138750 185 5
139500 186 5
140250 187 5
141000 188 5
141750 189 5
142500 190 5
143250 191 5
144000 192 5
144750 193 5
145500 194 5
146250 195 5
147000 196 5
147750 197 5
148500 198 5
149250 199 5
150000 200 5
150750 201 5
151500 202 5
152250 203 5
153000 204 5
153750 205 5
154500 206 5
155250 207 5
156000 208 5
156750 209 5
157500 210 5
158250 211 5
159000 212 5
159750 213 5
160500 214 5
161250 215 5
162000 216 5
162750 217 5
163500 218 5
164250 219 5
165000 220 5
165750 221 5
166500 222 5
167250 223 5
168000 224 5
168750 225 5
169500 226 5
170250 227 5
171000 228 5
171750 229 5
172500 230 5
173250 231 5
174000 232 5
174750 233 5
175500 234 5
176250 235 5
177000 236 5
177750 237 5
178500 238 5
179250 239 5
180000 240 5
180750 241 5
181500 242 5
182250 243 5
183000 244 5
183750 245 5
184500 246 5
185250 247 5
186000 248 5
186750 249 5
187500 250 5
188250 251 5
189000 252 5
189750 253 5
190500 254 5
191250 255 5
192000 256 5
192750 257 5
193500 258 5
194250 259 5
195000 260 5
195750 261 5
196500 262 5
197250 263 5
198000 264 5
198750 265 5
199500 266 5
200250 267 5
201000 268 5
201750 269 5
202500 270 5
203250 271 5
204000 272 5
204750 273 5
205500 274 5
206250 275 5
207000 276 5
207750 277 5
208500 278 5
209250 279 5
210000 280 5
210750 281 5
211500 282 5
212250 283 5
213000 284 5
213750 285 5
214500 286 5
215250 287 5
216000 288 5
216750 289 5
217500 290 5
218250 291 5
219000 292 5
219750 293 5
220500 294 5
221250 295 5
222000 296 5
222750 297 5
223500 298 5
224250 299 5
225000 300 5
225750 301 5
226500 302 5
227250 303 5
228000 304 5
228750 305 5
229500 306 5
230250 307 5
231000 308 5
231750 309 5
232500 310 5
233250 311 5
234000 312 5
234750 313 5
235500 314 5
236250 315 5
237000 316 5
237750 317 5
238500 318 5
239250 319 5
240000 320 5
240750 321 5
241500 322 5
242250 323 5
243000 324 5
243750 325 5
244500 326 5
245250 327 5
246000 328 5
246750 329 5
247500 330 5
248250 331 5
249000 332 5
249750 333 5
250500 334 5
251250 335 5
252000 336 5
252750 337 5
253500 338 5
254250 339 5
255000 340 5
255750 341 5
256500 342 5
257250 343 5
258000 344 5
258750 345 5
259500 346 5
260250 347 5
261000 348 5
261750 349 5
262500 350 5
263250 351 5
264000 352 5
264750 353 5
265500 354 5
266250 355 5
267000 356 5
267750 357 5
268500 358 5
269250 359 5
270000 360 5
270750 361 5
271500 362 5
272250 363 5
273000 364 5
273750 365 5
274500 366 5
275250 367 5
276000 368 5
276750 369 5
277500 370 5
278250 371 5
279000 372 5
279750 373 5
280500 374 5
281250 375 5
282000 376 5
282750 377 5
283500 378 5
284250 379 5
285000 380 5
285750 381 5
286500 382 5
287250 383 5
288000 384 5
288750 385 5
289500 386 5
290250 387 5
291000 388 5
291750 389 5
292500 390 5
293250 391 5
294000 392 5
294750 393 5
295500 394 5
296250 395 5
297000 396 5
297750 397 5
298500 398 5
299250 399 5
300000 400 5
300750 401 5
301500 402 5
302250 403 5
303000 404 5
303750 405 5
304500 406 5
305250 407 5
306000 408 5
306750 409 5
307500 410 5
308250 411 5
309000 412 5
309750 413 5
310500 414 5
311250 415 5
312000 416 5
312750 417 5
313500 418 5
314250 419 5
315000 420 5
315750 421 5
316500 422 5
317250 423 5
318000 424 5
318750 425 5
319500 426 5
320250 427 5
321000 428 5
321750 429 5
322500 430 5
323250 431 5
324000 432 5
324750 433 5
325500 434 5
326250 435 5
327000 436 5
327750 437 5
328500 438 5
329250 439 5
330000 440 5
330750 441 5
331500 442 5
332250 443 5
333000 444 5
333750 445 5
334500 446 5
335250 447 5
336000 448 5
336750 449 5
337500 450 5
338250 451 5
339000 452 5
339750 453 5
340500 454 5
341250 455 5
342000 456 5
342750 457 5
343500 458 5
344250 459 5
345000 460 5
345750 461 5
346500 462 5
347250 463 5
348000 464 5
348750 465 5
349500 466 5
350250 467 5
351000 468 5
351750 469 5
352500 470 5
353250 471 5
354000 472 5
354750 473 5
355500 474 5
356250 475 5
357000 476 5
357750 477 5
358500 478 5
359250 479 5
360000 480 5
360750 481 5
361500 482 5
362250 483 5
363000 484 5
363750 485 5
364500 486 5
365250 487 5
366000 488 5
366750 489 5
367500 490 5
368250 491 5
369000 492 5
369750 493 5
370500 494 5
371250 495 5
372000 496 5
372750 497 5
373500 498 5
374250 499 5
375000 500 5
375750 501 5
376500 502 5
377250 503 5
378000 504 5
378750 505 5
379500 506 5
380250 507 5
381000 508 5
381750 509 5
382500 510 5
383250 511 5
384000 512 5
384750 513 5
385500 514 5
386250 515 5
387000 516 5
387750 517 5
388500 518 5
389250 519 5
390000 520 5
390750 521 5
391500 522 5
392250 523 5
393000 524 5
393750 525 5
394500 526 5
395250 527 5
396000 528 5
396750 529 5
397500 530 5
398250 531 5
399000 532 5
399750 533 5
400500 534 5
401250 535 5
402000 536 5
402750 537 5
403500 538 5
404250 539 5
405000 540 5
405750 541 5
406500 542 5
407250 543 5
408000 544 5
408750 545 5
409500 546 5
410250 547 5
411000 548 5
411750 549 5
412500 550 5
413250 551 5
414000 552 5
414750 553 5
415500 554 5
416250 555 5
417000 556 5
417750 557 5
418500 558 5
419250 559 5
420000 560 5
420750 561 5
421500 562 5
422250 563 5
423000 564 5
423750 565 5
424500 566 5
425250 567 5
426000 568 5
426750 569 5
427500 570 5
428250 571 5
429000 572 5
429750 573 5
430500 574 5
431250 575 5
432000 576 5
432750 577 5
433500 578 5
434250 579 5
435000 580 5
435750 581 5
436500 582 5
437250 583 5
438000 584 5
438750 585 5
439500 586 5
440250 587 5
441000 588 5
441750 589 5
442500 590 5
443250 591 5
444000 592 5
444750 593 5
445500 594 5
446250 595 5
447000 596 5
447750 597 5
448500 598 5
449250 599 5
450000 600 5
450750 601 5
451500 602 5
452250 603 5
453000 604 5
453750 605 5
454500 606 5
455250 607 5
456000 608 5
456750 609 5
457500 610 5
458250 611 5
459000 612 5
459750 613 5
460500 614 5
461250 615 5
462000 616 5
462750 617 5
463500 618 5
464250 619 5
465000 620 5
465750 621 5
466500 622 5
467250 623 5
468000 624 5
468750 625 5
469500 626 5
470250 627 5
471000 628 5
471750 629 5
472500 630 5
473250 631 5
474000 632 5
474750 633 5
475500 634 5
476250 635 5
477000 636 5
477750 637 5
478500 638 5
479250 639 5
480000 640 5
480750 641 5
481500 642 5
482250 643 5
483000 644 5
483750 645 5
484500 646 5
485250 647 5
486000 648 5
486750 649 5
487500 650 5
488250 651 5
489000 652 5
489750 653 5
490500 654 5
491250 655 5
492000 656 5
492750 657 5
493500 658 5
494250 659 5
495000 660 5
495750 661 5
496500 662 5
497250 663 5
498000 664 5
498750 665 5
499500 666 5
500250 667 5
501000 668 5
501750 669 5
502500 670 5
503250 671 5
504000 672 5
504750 673 5
505500 674 5
506250 675 5
507000 676 5
507750 677 5
508500 678 5
509250 679 5
510000 680 5
510750 681 5
511500 682 5
512250 683 5
513000 684 5
513750 685 5
514500 686 5
515250 687 5
516000 688 5
516750 689 5
517500 690 5
518250 691 5
519000 692 5
519750 693 5
520500 694 5
521250 695 5
522000 696 5
522750 697 5
523500 698 5
524250 699 5
525000 700 5
525750 701 5
526500 702 5
527250 703 5
528000 704 5
528750 705 5
529500 706 5
530250 707 5
531000 708 5
531750 709 5
532500 710 5
533250 711 5
534000 712 5
534750 713 5
535500 714 5
536250 715 5
537000 716 5
537750 717 5
538500 718 5
539250 719 5
540000 720 5
540750 721 5
541500 722 5
542250 723 5
543000 724 5
543750 725 5
544500 726 5
545250 727 5
546000 728 5
546750 729 5
547500 730 5
548250 731 5
549000 732 5
549750 733 5
550500 734 5
551250 735 5
552000 736 5
552750 737 5
553500 738 5
554250 739 5
555000 740 5
555750 741 5
556500 742 5
557250 743 5
558000 744 5
558750 745 5
559500 746 5
560250 747 5
561000 748 5
561750 749 5
562500 750 5
563250 751 5
564000 752 5
564750 753 5
565500 754 5
566250 755 5
567000 756 5
567750 757 5
568500 758 5
569250 759 5
570000 760 5
570750 761 5
571500 762 5
572250 763 5
573000 764 5
573750 765 5
574500 766 5
575250 767 5
576000 768 5
576750 769 5
577500 770 5
578250 771 5
579000 772 5
579750 773 5
580500 774 5
581250 775 5
582000 776 5
582750 777 5
583500 778 5
584250 779 5
585000 780 5
585750 781 5
586500 782 5
587250 783 5
588000 784 5
588750 785 5
589500 786 5
590250 787 5
591000 788 5
591750 789 5
592500 790 5
593250 791 5
594000 792 5
594750 793 5
595500 794 5
596250 795 5
597000 796 5
597750 797 5
598500 798 5
599250 799 5
600000 800 5
600750 801 5
601500 802 5
602250 803 5
603000 804 5
603750 805 5
604500 806 5
605250 807 5
606000 808 5
606750 809 5
607500 810 5
608250 811 5
609000 812 5
609750 813 5
610500 814 5
611250 815 5
612000 816 5
612750 817 5
613500 818 5
614250 819 5
615000 820 5
615750 821 5
616500 822 5
617250 823 5
618000 824 5
618750 825 5
619500 826 5
620250 827 5
621000 828 5
621750 829 5
622500 830 5
623250 831 5
624000 832 5
624750 833 5
625500 834 5
626250 835 5
627000 836 5
627750 837 5
628500 838 5
629250 839 5
630000 840 5
630750 841 5
631500 842 5
632250 843 5
633000 844 5
633750 845 5
634500 846 5
635250 847 5
636000 848 5
636750 849 5
637500 850 5
638250 851 5
639000 852 5
639750 853 5
640500 854 5
641250 855 5
642000 856 5
642750 857 5
643500 858 5
644250 859 5
645000 860 5
645750 861 5
646500 862 5
647250 863 5
648000 864 5
648750 865 5
649500 866 5
650250 867 5
651000 868 5
651750 869 5
652500 870 5
653250 871 5
654000 872 5
654750 873 5
655500 874 5
656250 875 5
657000 876 5
657750 877 5
658500 878 5
659250 879 5
660000 880 5
660750 881 5
661500 882 5
662250 883 5
663000 884 5
663750 885 5
664500 886 5
665250 887 5
666000 888 5
666750 889 5
667500 890 5
668250 891 5
669000 892 5
669750 893 5
670500 894 5
671250 895 5
672000 896 5
672750 897 5
673500 898 5
674250 899 5
675000 900 5
675750 901 5
676500 902 5
677250 903 5
678000 904 5
678750 905 5
679500 906 5
680250 907 5
681000 908 5
681750 909 5
682500 910 5
683250 911 5
684000 912 5
684750 913 5
685500 914 5
686250 915 5
687000 916 5
687750 917 5
688500 918 5
689250 919 5
690000 920 5
690750 921 5
691500 922 5
692250 923 5
693000 924 5
693750 925 5
694500 926 5
695250 927 5
696000 928 5
696750 929 5
697500 930 5
698250 931 5
699000 932 5
699750 933 5
700500 934 5
701250 935 5
702000 936 5
702750 937 5
703500 938 5
704250 939 5
705000 940 5
705750 941 5
706500 942 5
707250 943 5
708000 944 5
708750 945 5
709500 946 5
710250 947 5
711000 948 5
711750 949 5
712500 950 5
713250 951 5
714000 952 5
714750 953 5
715500 954 5
716250 955 5
717000 956 5
717750 957 5
718500 958 5
719250 959 5
720000 960 5
720750 961 5
721500 962 5
722250 963 5
723000 964 5
723750 965 5
724500 966 5
725250 967 5
726000 968 5
726750 969 5
727500 970 5
728250 971 5
729000 972 5
729750 973 5
730500 974 5
731250 975 5
732000 976 5
732750 977 5
733500 978 5
734250 979 5
735000 980 5
735750 981 5
736500 982 5
737250 983 5
738000 984 5
738750 985 5
739500 986 5
740250 987 5
741000 988 5
741750 989 5
742500 990 5
743250 991 5
744000 992 5
744750 993 5
745500 994 5
746250 995 5
747000 996 5
747750 997 5
748500 998 5
749250 999 5
750000 1000 5
750750 1001 5
751500 1002 5
752250 1003 5
753000 1004 5
753750 1005 5
754500 1006 5
755250 1007 5
756000 1008 5
756750 1009 5
757500 1010 5
758250 1011 5
759000 1012 5
759750 1013 5
760500 1014 5
761250 1015 5
762000 1016 5
762750 1017 5
763500 1018 5
764250 1019 5
765000 1020 5
765750 1021 5
766500 1022 5
767250 1023 5
768000 1024 5
768750 1025 5
769500 1026 5
770250 1027 5
771000 1028 5
771750 1029 5
772500 1030 5
773250 1031 5
774000 1032 5
774750 1033 5
775500 1034 5
776250 1035 5
777000 1036 5
777750 1037 5
778500 1038 5
779250 1039 5
780000 1040 5
780750 1041 5
781500 1042 5
782250 1043 5
783000 1044 5
783750 1045 5
784500 1046 5
785250 1047 5
786000 1048 5
786750 1049 5
787500 1050 5
788250 1051 5
789000 1052 5
789750 1053 5
790500 1054 5
791250 1055 5
792000 1056 5
792750 1057 5
793500 1058 5
794250 1059 5
795000 1060 5
795750 1061 5
796500 1062 5
797250 1063 5
798000 1064 5
798750 1065 5
799500 1066 5
800250 1067 5
801000 1068 5
801750 1069 5
802500 1070 5
803250 1071 5
804000 1072 5
804750 1073 5
805500 1074 5
806250 1075 5
807000 1076 5
807750 1077 5
808500 1078 5
809250 1079 5
810000 1080 5
810750 1081 5
811500 1082 5
812250 1083 5
813000 1084 5
813750 1085 5
814500 1086 5
815250 1087 5
816000 1088 5
816750 1089 5
817500 1090 5
818250 1091 5
819000 1092 5
819750 1093 5
820500 1094 5
821250 1095 5
822000 1096 5
822750 1097 5
823500 1098 5
824250 1099 5
825000 1100 5
825750 1101 5
826500 1102 5
827250 1103 5
828000 1104 5
828750 1105 5
829500 1106 5
830250 1107 5
831000 1108 5
831750 1109 5
832500 1110 5
833250 1111 5
834000 1112 5
834750 1113 5
835500 1114 5
836250 1115 5
837000 1116 5
837750 1117 5
838500 1118 5
839250 1119 5
840000 1120 5
840750 1121 5
841500 1122 5
842250 1123 5
843000 1124 5
843750 1125 5
844500 1126 5
845250 1127 5
846000 1128 5
846750 1129 5
847500 1130 5
848250 1131 5
849000 1132 5
849750 1133 5
850500 1134 5
851250 1135 5
852000 1136 5
852750 1137 5
853500 1138 5
854250 1139 5
855000 1140 5
855750 1141 5
856500 1142 5
857250 1143 5
858000 1144 5
858750 1145 5
859500 1146 5
860250 1147 5
861000 1148 5
861750 1149 5
862500 1150 5
863250 1151 5
864000 1152 5
864750 1153 5
865500 1154 5
866250 1155 5
867000 1156 5
867750 1157 5
868500 1158 5
869250 1159 5
870000 1160 5
870750 1161 5
871500 1162 5
872250 1163 5
873000 1164 5
873750 1165 5
874500 1166 5
875250 1167 5
876000 1168 5
876750 1169 5
877500 1170 5
878250 1171 5
879000 1172 5
879750 1173 5
880500 1174 5
881250 1175 5
882000 1176 5
882750 1177 5
883500 1178 5
884250 1179 5
885000 1180 5
885750 1181 5
886500 1182 5
887250 1183 5
888000 1184 5
888750 1185 5
889500 1186 5
890250 1187 5
891000 1188 5
891750 1189 5
892500 1190 5
893250 1191 5
894000 1192 5
894750 1193 5
895500 1194 5
896250 1195 5
897000 1196 5
897750 1197 5
898500 1198 5
899250 1199 5
900000 1200 5
900750 1201 5
901500 1202 5
902250 1203 5
903000 1204 5
903750 1205 5
904500 1206 5
905250 1207 5
906000 1208 5
906750 1209 5
907500 1210 5
908250 1211 5
909000 1212 5
909750 1213 5
910500 1214 5
911250 1215 5
912000 1216 5
912750 1217 5
913500 1218 5
914250 1219 5
915000 1220 5
915750 1221 5
916500 1222 5
917250 1223 5
918000 1224 5
918750 1225 5
919500 1226 5
920250 1227 5
921000 1228 5
921750 1229 5
922500 1230 5
923250 1231 5
924000 1232 5
924750 1233 5
925500 1234 5
926250 1235 5
927000 1236 5
927750 1237 5
928500 1238 5
929250 1239 5
930000 1240 5
930750 1241 5
931500 1242 5
932250 1243 5
933000 1244 5
933750 1245 5
934500 1246 5
935250 1247 5
936000 1248 5
936750 1249 5
937500 1250 5
938250 1251 5
939000 1252 5
939750 1253 5
940500 1254 5
941250 1255 5
942000 1256 5
942750 1257 5
943500 1258 5
944250 1259 5
945000 1260 5
945750 1261 5
946500 1262 5
947250 1263 5
948000 1264 5
948750 1265 5
949500 1266 5
950250 1267 5
951000 1268 5
951750 1269 5
952500 1270 5
953250 1271 5
954000 1272 5
954750 1273 5
955500 1274 5
956250 1275 5
957000 1276 5
957750 1277 5
958500 1278 5
959250 1279 5
960000 1280 5
960750 1281 5
961500 1282 5
962250 1283 5
963000 1284 5
963750 1285 5
964500 1286 5
965250 1287 5
966000 1288 5
966750 1289 5
967500 1290 5
968250 1291 5
969000 1292 5
969750 1293 5
970500 1294 5
971250 1295 5
972000 1296 5
972750 1297 5
973500 1298 5
974250 1299 5
975000 1300 5
975750 1301 5
976500 1302 5
977250 1303 5
978000 1304 5
978750 1305 5
979500 1306 5
980250 1307 5
981000 1308 5
981750 1309 5
982500 1310 5
983250 1311 5
984000 1312 5
984750 1313 5
985500 1314 5
986250 1315 5
987000 1316 5
987750 1317 5
988500 1318 5
989250 1319 5
990000 1320 5
990750 1321 5
991500 1322 5
992250 1323 5
993000 1324 5
993750 1325 5
994500 1326 5
995250 1327 5
996000 1328 5
996750 1329 5
997500 1330 5
998250 1331 5
999000 1332 5
999750 1333 5
1000500 1334 5
1001250 1335 5
1002000 1336 5
1002750 1337 5
1003500 1338 5
1004250 1339 5
1005000 1340 5
1005750 1341 5
1006500 1342 5
1007250 1343 5
1008000 1344 5
1008750 1345 5
1009500 1346 5
1010250 1347 5
1011000 1348 5
1011750 1349 5
1012500 1350 5
1013250 1351 5
1014000 1352 5
1014750 1353 5
1015500 1354 5
1016250 1355 5
1017000 1356 5
1017750 1357 5
1018500 1358 5
1019250 1359 5
1020000 1360 5
1020750 1361 5
1021500 1362 5
1022250 1363 5
1023000 1364 5
1023750 1365 5
1024500 1366 5
1025250 1367 5
1026000 1368 5
1026750 1369 5
1027500 1370 5
1028250 1371 5
1029000 1372 5
1029750 1373 5
1030500 1374 5
1031250 1375 5
1032000 1376 5
1032750 1377 5
1033500 1378 5
1034250 1379 5
1035000 1380 5
1035750 1381 5
1036500 1382 5
1037250 1383 5
1038000 1384 5
1038750 1385 5
1039500 1386 5
1040250 1387 5
1041000 1388 5
1041750 1389 5
1042500 1390 5
1043250 1391 5
1044000 1392 5
1044750 1393 5
1045500 1394 5
1046250 1395 5
1047000 1396 5
1047750 1397 5
1048500 1398 5
1049250 1399 5
1050000 1400 5
1050750 1401 5
1051500 1402 5
1052250 1403 5
1053000 1404 5
1053750 1405 5
1054500 1406 5
1055250 1407 5
1056000 1408 5
1056750 1409 5
1057500 1410 5
1058250 1411 5
1059000 1412 5
1059750 1413 5
1060500 1414 5
1061250 1415 5
1062000 1416 5
1062750 1417 5
1063500 1418 5
1064250 1419 5
1065000 1420 5
1065750 1421 5
1066500 1422 5
1067250 1423 5
1068000 1424 5
1068750 1425 5
1069500 1426 5
1070250 1427 5
1071000 1428 5
1071750 1429 5
1072500 1430 5
1073250 1431 5
1074000 1432 5
1074750 1433 5
1075500 1434 5
1076250 1435 5
1077000 1436 5
1077750 1437 5
1078500 1438 5
1079250 1439 5
1080000 1440 5
1080750 1441 5
1081500 1442 5
1082250 1443 5
1083000 1444 5
1083750 1445 5
1084500 1446 5
1085250 1447 5
1086000 1448 5
1086750 1449 5
1087500 1450 5
1088250 1451 5
1089000 1452 5
1089750 1453 5
1090500 1454 5
1091250 1455 5
1092000 1456 5
1092750 1457 5
1093500 1458 5
1094250 1459 5
1095000 1460 5
1095750 1461 5
1096500 1462 5
1097250 1463 5
1098000 1464 5
1098750 1465 5
1099500 1466 5
1100250 1467 5
1101000 1468 5
1101750 1469 5
1102500 1470 5
1103250 1471 5
1104000 1472 5
1104750 1473 5
1105500 1474 5
1106250 1475 5
1107000 1476 5
1107750 1477 5
1108500 1478 5
1109250 1479 5
1110000 1480 5
1110750 1481 5
1111500 1482 5
1112250 1483 5
1113000 1484 5
1113750 1485 5
1114500 1486 5
1115250 1487 5
1116000 1488 5
1116750 1489 5
1117500 1490 5
1118250 1491 5
1119000 1492 5
1119750 1493 5
1120500 1494 5
1121250 1495 5
1122000 1496 5
1122750 1497 5
1123500 1498 5
1124250 1499 5
1125000 1500 5
1125750 1501 5
1126500 1502 5
1127250 1503 5
1128000 1504 5
1128750 1505 5
1129500 1506 5
1130250 1507 5
1131000 1508 5
1131750 1509 5
1132500 1510 5
1133250 1511 5
1134000 1512 5
1134750 1513 5
1135500 1514 5
1136250 1515 5
1137000 1516 5
1137750 1517 5
1138500 1518 5
1139250 1519 5
1140000 1520 5
1140750 1521 5
1141500 1522 5
1142250 1523 5
1143000 1524 5
1143750 1525 5
1144500 1526 5
1145250 1527 5
1146000 1528 5
1146750 1529 5
1147500 1530 5
1148250 1531 5
1149000 1532 5
1149750 1533 5
1150500 1534 5
1151250 1535 5
1152000 1536 5
1152750 1537 5
1153500 1538 5
1154250 1539 5
1155000 1540 5
1155750 1541 5
1156500 1542 5
1157250 1543 5
1158000 1544 5
1158750 1545 5
1159500 1546 5
1160250 1547 5
1161000 1548 5
1161750 1549 5
1162500 1550 5
1163250 1551 5
1164000 1552 5
1164750 1553 5
1165500 1554 5
1166250 1555 5
1167000 1556 5
1167750 1557 5
1168500 1558 5
1169250 1559 5
1170000 1560 5
1170750 1561 5
1171500 1562 5
1172250 1563 5
1173000 1564 5
1173750 1565 5
1174500 1566 5
1175250 1567 5
1176000 1568 5
1176750 1569 5
1177500 1570 5
1178250 1571 5
1179000 1572 5
1179750 1573 5
1180500 1574 5
1181250 1575 5
1182000 1576 5
1182750 1577 5
1183500 1578 5
1184250 1579 5
1185000 1580 5
1185750 1581 5
1186500 1582 5
1187250 1583 5
1188000 1584 5
1188750 1585 5
1189500 1586 5
1190250 1587 5
1191000 1588 5
1191750 1589 5
1192500 1590 5
1193250 1591 5
1194000 1592 5
1194750 1593 5
1195500 1594 5
1196250 1595 5
1197000 1596 5
1197750 1597 5
1198500 1598 5
1199250 1599 5
1200000 1600 5
1200750 1601 5
1201500 1602 5
1202250 1603 5
1203000 1604 5
1203750 1605 5
1204500 1606 5
1205250 1607 5
1206000 1608 5
1206750 1609 5
1207500 1610 5
1208250 1611 5
1209000 1612 5
1209750 1613 5
1210500 1614 5
1211250 1615 5
1212000 1616 5
1212750 1617 5
1213500 1618 5
1214250 1619 5
1215000 1620 5
1215750 1621 5
1216500 1622 5
1217250 1623 5
1218000 1624 5
1218750 1625 5
1219500 1626 5
1220250 1627 5
1221000 1628 5
1221750 1629 5
1222500 1630 5
1223250 1631 5
1224000 1632 5
1224750 1633 5
1225500 1634 5
1226250 1635 5
1227000 1636 5
1227750 1637 5
1228500 1638 5
1229250 1639 5
1230000 1640 5
1230750 1641 5
1231500 1642 5
1232250 1643 5
1233000 1644 5
1233750 1645 5
1234500 1646 5
1235250 1647 5
1236000 1648 5
1236750 1649 5
1237500 1650 5
1238250 1651 5
1239000 1652 5
1239750 1653 5
1240500 1654 5
1241250 1655 5
1242000 1656 5
1242750 1657 5
1243500 1658 5
1244250 1659 5
1245000 1660 5
1245750 1661 5
1246500 1662 5
1247250 1663 5
1248000 1664 5
1248750 1665 5
1249500 1666 5
1250250 1667 5
1251000 1668 5
1251750 1669 5
1252500 1670 5
1253250 1671 5
1254000 1672 5
1254750 1673 5
1255500 1674 5
1256250 1675 5
1257000 1676 5
1257750 1677 5
1258500 1678 5
1259250 1679 5
1260000 1680 5
1260750 1681 5
1261500 1682 5
1262250 1683 5
1263000 1684 5
1263750 1685 5
1264500 1686 5
1265250 1687 5
1266000 1688 5
1266750 1689 5
1267500 1690 5
1268250 1691 5
1269000 1692 5
1269750 1693 5
1270500 1694 5
1271250 1695 5
1272000 1696 5
1272750 1697 5
1273500 1698 5
1274250 1699 5
1275000 1700 5
1275750 1701 5
1276500 1702 5
1277250 1703 5
1278000 1704 5
1278750 1705 5
1279500 1706 5
1280250 1707 5
1281000 1708 5
1281750 1709 5
1282500 1710 5
1283250 1711 5
1284000 1712 5
1284750 1713 5
1285500 1714 5
1286250 1715 5
1287000 1716 5
1287750 1717 5
1288500 1718 5
1289250 1719 5
1290000 1720 5
1290750 1721 5
1291500 1722 5
1292250 1723 5
1293000 1724 5
1293750 1725 5
1294500 1726 5
1295250 1727 5
1296000 1728 5
1296750 1729 5
1297500 1730 5
1298250 1731 5
1299000 1732 5
1299750 1733 5
1300500 1734 5
1301250 1735 5
1302000 1736 5
1302750 1737 5
1303500 1738 5
1304250 1739 5
1305000 1740 5
1305750 1741 5
1306500 1742 5
1307250 1743 5
1308000 1744 5
1308750 1745 5
1309500 1746 5
1310250 1747 5
1311000 1748 5
1311750 1749 5
1312500 1750 5
1313250 1751 5
1314000 1752 5
1314750 1753 5
1315500 1754 5
1316250 1755 5
1317000 1756 5
1317750 1757 5
1318500 1758 5
1319250 1759 5
1320000 1760 5
1320750 1761 5
1321500 1762 5
1322250 1763 5
1323000 1764 5
1323750 1765 5
1324500 1766 5
1325250 1767 5
1326000 1768 5
1326750 1769 5
1327500 1770 5
1328250 1771 5
1329000 1772 5
1329750 1773 5
1330500 1774 5
1331250 1775 5
1332000 1776 5
1332750 1777 5
1333500 1778 5
1334250 1779 5
1335000 1780 5
1335750 1781 5
1336500 1782 5
1337250 1783 5
1338000 1784 5
1338750 1785 5
1339500 1786 5
1340250 1787 5
1341000 1788 5
1341750 1789 5
1342500 1790 5
1343250 1791 5
1344000 1792 5
1344750 1793 5
1345500 1794 5
1346250 1795 5
1347000 1796 5
1347750 1797 5
1348500 1798 5
1349250 1799 5
1350000 1800 5
1350750 1801 5
1351500 1802 5
1352250 1803 5
1353000 1804 5
1353750 1805 5
1354500 1806 5
1355250 1807 5
1356000 1808 5
1356750 1809 5
1357500 1810 5
1358250 1811 5
1359000 1812 5
1359750 1813 5
1360500 1814 5
1361250 1815 5
1362000 1816 5
1362750 1817 5
1363500 1818 5
1364250 1819 5
1365000 1820 5
1365750 1821 5
1366500 1822 5
1367250 1823 5
1368000 1824 5
1368750 1825 5
1369500 1826 5
1370250 1827 5
1371000 1828 5
1371750 1829 5
1372500 1830 5
1373250 1831 5
1374000 1832 5
1374750 1833 5
1375500 1834 5
1376250 1835 5
1377000 1836 5
1377750 1837 5
1378500 1838 5
1379250 1839 5
1380000 1840 5
1380750 1841 5
1381500 1842 5
1382250 1843 5
1383000 1844 5
1383750 1845 5
1384500 1846 5
1385250 1847 5
1386000 1848 5
1386750 1849 5
1387500 1850 5
1388250 1851 5
1389000 1852 5
1389750 1853 5
1390500 1854 5
1391250 1855 5
1392000 1856 5
1392750 1857 5
1393500 1858 5
1394250 1859 5
1395000 1860 5
1395750 1861 5
1396500 1862 5
1397250 1863 5
1398000 1864 5
1398750 1865 5
1399500 1866 5
1400250 1867 5
1401000 1868 5
1401750 1869 5
1402500 1870 5
1403250 1871 5
1404000 1872 5
1404750 1873 5
1405500 1874 5
1406250 1875 5
1407000 1876 5
1407750 1877 5
1408500 1878 5
1409250 1879 5
1410000 1880 5
1410750 1881 5
1411500 1882 5
1412250 1883 5
1413000 1884 5
1413750 1885 5
1414500 1886 5
1415250 1887 5
1416000 1888 5
1416750 1889 5
1417500 1890 5
1418250 1891 5
1419000 1892 5
1419750 1893 5
1420500 1894 5
1421250 1895 5
1422000 1896 5
1422750 1897 5
1423500 1898 5
1424250 1899 5
1425000 1900 5
1425750 1901 5
1426500 1902 5
1427250 1903 5
1428000 1904 5
1428750 1905 5
1429500 1906 5
1430250 1907 5
1431000 1908 5
1431750 1909 5
1432500 1910 5
1433250 1911 5
1434000 1912 5
1434750 1913 5
1435500 1914 5
1436250 1915 5
1437000 1916 5
1437750 1917 5
1438500 1918 5
1439250 1919 5
1440000 1920 5
1440750 1921 5
1441500 1922 5
1442250 1923 5
1443000 1924 5
1443750 1925 5
1444500 1926 5
1445250 1927 5
1446000 1928 5
1446750 1929 5
1447500 1930 5
1448250 1931 5
1449000 1932 5
1449750 1933 5
1450500 1934 5
1451250 1935 5
1452000 1936 5
1452750 1937 5
1453500 1938 5
1454250 1939 5
1455000 1940 5
1455750 1941 5
1456500 1942 5
1457250 1943 5
1458000 1944 5
1458750 1945 5
1459500 1946 5
1460250 1947 5
1461000 1948 5
1461750 1949 5
1462500 1950 5
1463250 1951 5
1464000 1952 5
1464750 1953 5
1465500 1954 5
1466250 1955 5
1467000 1956 5
1467750 1957 5
1468500 1958 5
1469250 1959 5
1470000 1960 5
1470750 1961 5
1471500 1962 5
1472250 1963 5
1473000 1964 5
1473750 1965 5
1474500 1966 5
1475250 1967 5
1476000 1968 5
1476750 1969 5
1477500 1970 5
1478250 1971 5
1479000 1972 5
1479750 1973 5
1480500 1974 5
1481250 1975 5
1482000 1976 5
1482750 1977 5
1483500 1978 5
1484250 1979 5
1485000 1980 5
1485750 1981 5
1486500 1982 5
1487250 1983 5
1488000 1984 5
1488750 1985 5
1489500 1986 5
1490250 1987 5
1491000 1988 5
1491750 1989 5
1492500 1990 5
1493250 1991 5
1494000 1992 5
1494750 1993 5
1495500 1994 5
1496250 1995 5
1497000 1996 5
1497750 1997 5
1498500 1998 5
1499250 1999 5
1500000 2000 0
